OPB(:,:,1) = [0.01, 0.7 ; 0.99, 0.3];
OPB(:,:,2) = [0.8, 0.999 ; 0.2, 0.001];

B = [0.99, 0.01];

P = [ 0.73  0.27];